date,TA_f,VPD_f,SW_IN_f,NEE_f,GPP_NEE_rei_f,RECO_NEE_rei_f,GPP_NEE_fal_f,RECO_NEE_fal_f,GPP_NEE_las_f,RECO_NEE_las_f
2019-01-01,275.9099999999999,588.5715106116451,-3.8700000000000028,-1.4639615999999984,0.0,-1.4639615999999984,2.1597670898315515,0.69580548983155,0.0,-1.4639615999999984
2019-01-02,275.9099999999999,588.5715106116451,-3.8700000000000028,-1.4639615999999984,0.0,-1.4639615999999984,2.1598205389035208,0.6958589389035207,0.0,-1.4639615999999984
2019-01-03,275.9099999999999,588.5715106116451,-3.8700000000000028,-1.4639615999999984,0.0,-1.4639615999999984,2.159821757520992,0.6958601575209923,0.0,-1.4639615999999984
2019-01-04,275.9099999999999,588.5715106116451,-3.8700000000000028,-1.4639615999999984,0.0,-1.4639615999999984,2.159821757520992,0.6958601575209923,0.0,-1.4639615999999984
2019-01-05,275.9099999999999,588.5715106116451,-3.8700000000000028,-1.4639615999999984,0.0,-1.4639615999999984,2.159768308449023,0.6958067084490215,0.0,-1.4639615999999984
2019-01-06,275.9099999999999,588.5715106116451,-3.8700000000000028,-1.4639615999999984,0.0,-1.4639615999999984,2.159767089831551,0.69580548983155,0.0,-1.4639615999999984
2019-01-07,275.9099999999999,588.5715106116451,-3.8700000000000028,-1.4639615999999984,0.0,-1.4639615999999984,2.1597670898315515,0.69580548983155,0.0,-1.4639615999999984
2019-01-08,275.9099999999999,588.5715106116451,-3.8700000000000028,-1.4639615999999984,0.0,-1.4639615999999984,2.159767089831551,0.69580548983155,0.0,-1.4639615999999984
2019-01-09,275.9099999999999,588.5715106116451,-3.8700000000000028,-1.4639615999999984,0.0,-1.4639615999999984,2.1598207238463627,0.6958591238463625,0.0,-1.4639615999999984
2019-01-10,275.9099999999999,588.5715106116451,-3.8700000000000028,-1.4639615999999984,0.0,-1.4639615999999984,2.1598207238463627,0.6958591238463625,0.0,-1.4639615999999984
2019-01-11,275.9099999999999,588.5715106116451,-3.8700000000000028,-1.4639615999999984,0.0,-1.4639615999999984,2.1598207238463627,0.6958591238463625,0.0,-1.4639615999999984
2019-01-12,275.9099999999999,588.5715106116451,-3.8700000000000028,-1.4639615999999984,0.0,-1.4639615999999984,2.159767089831551,0.6958054898315501,0.0,-1.4639615999999984
2019-01-13,275.9099999999999,588.5715106116451,-3.8700000000000028,-1.4639615999999984,0.0,-1.4639615999999984,2.1597670898315515,0.6958054898315501,0.0,-1.4639615999999984
2019-01-14,275.9099999999999,588.5715106116451,-3.8700000000000028,-1.4639615999999984,0.0,-1.4639615999999984,2.1597670898315515,0.6958054898315501,0.0,-1.4639615999999984
2019-01-15,275.90986111111107,588.5755423281184,-3.8670833333333356,-1.4639615999999984,0.0,-1.4639615999999984,2.1597548003394675,0.6957932003394659,0.0,-1.4639615999999984
2019-01-16,275.8154861111111,595.4925062259716,8.944583333333334,-1.4639615999999984,0.1321632,-1.3317983999999987,2.1562464312315344,0.6922848312315333,0.21026202644387137,-1.2536995735561274
2019-01-17,274.63027777777785,554.3592648822756,29.23034722222222,-1.4639615999999984,0.2948256,-1.169135999999999,2.068185151939841,0.6042235519398399,0.4477643484043968,-1.0161972515956024
2019-01-18,273.38118055555566,506.85685081089804,45.93854166666666,-1.4639615999999984,0.45748800000000006,-1.0064735999999994,1.975767314346941,0.5118057143469408,0.687782023830864,-0.7761795761691356
2019-01-19,271.20277777777784,437.28513546667926,53.15847222222221,-1.4639615999999984,0.48798720000000007,-0.9759743999999994,1.8335111464298937,0.36954954642989346,0.702136216591904,-0.7618253834080958
2019-01-20,270.27006944444446,401.4036543789644,54.53777777777777,-1.4639615999999984,0.48798720000000007,-0.9759743999999994,1.7828333181892917,0.3188717181892917,0.6926365619901076,-0.771325038009892
2019-01-21,268.4752777777778,355.2767820931784,37.89451388888889,-1.4639615999999984,0.3253248,-1.138636799999999,1.7027220369866114,0.23876043698661098,0.4526188865636404,-1.0113427134363588
2019-01-22,267.26034722222226,324.1943964423015,17.622222222222224,-1.4639615999999984,0.16266240000000004,-1.3012991999999988,1.6591199627631283,0.1951583627631275,0.22800266735872907,-1.2359589326412699
2019-01-23,266.6648611111113,318.18542414897325,2.2579166666666644,-1.4639615999999984,0.1321632,-1.3317983999999987,1.6332041502890373,0.16924255028903615,0.18018757038296926,-1.2837740296170295
2019-01-24,267.8593055555557,360.0370407313449,1.7460416666666667,-1.4639615999999984,0.1321632,-1.3317983999999987,1.6816508355129915,0.2176892355129915,0.18018757038296926,-1.2837740296170297
2019-01-25,271.1921527777779,492.6652953137059,3.688680555555557,-1.4639615999999984,0.20332800000000004,-1.2606335999999987,1.8609948805814291,0.39703328058142967,0.29027707832135424,-1.173684521678645
2019-01-26,274.22680555555564,614.864462156533,5.0817361111111135,-1.4639615999999984,0.2236608,-1.2403007999999986,2.056405489298046,0.5924438892980463,0.3533567505856629,-1.1106048494143363
2019-01-27,275.0747222222223,662.5061752250652,4.511458333333333,-1.4639615999999984,0.2236608,-1.2403007999999984,2.1059974936871595,0.6420358936871587,0.3533567505856629,-1.1106048494143363
2019-01-28,274.31479166666674,605.1213286323806,15.307083333333333,-1.4639615999999984,0.29482559999999997,-1.1691359999999986,2.045302083638362,0.5813404836383612,0.4562916533445809,-1.0076699466554182
2019-01-29,272.6069444444445,523.9569727952882,23.96805555555555,-1.4639615999999984,0.29482559999999997,-1.1691359999999986,1.9141396604072873,0.4501780604072863,0.4309342079400246,-1.0330273920599744
2019-01-30,272.72180555555565,481.65870424357485,51.87847222222222,-1.4639615999999984,0.45748799999999995,-1.0064735999999987,1.9202524903852585,0.4562908903852582,0.6714140218153837,-0.7925475781846157
2019-01-31,272.2804861111111,468.91253267392113,38.847361111111105,-1.4639615999999984,0.3151584,-1.1488031999999986,1.8911143742218404,0.42715277422183995,0.4583896111180807,-1.0055719888819183
2019-02-01,272.43451388888894,502.4539113718854,24.946041666666655,-1.4639615999999984,0.26432639999999996,-1.1996351999999983,1.899034247929527,0.43507264792952655,0.3836176750289552,-1.0803439249710436
2019-02-02,272.24138888888893,534.1415707382383,4.3234722222222075,-1.4639615999999984,0.24399359999999995,-1.2199679999999982,1.885009693775377,0.4210480937753762,0.3432178377978579,-1.1207437622021408
2019-02-03,273.0018055555557,532.3842624411988,28.795694444444436,-1.4639615999999984,0.4168224,-1.0471391999999986,1.938997777209022,0.4750361772090211,0.5918585859086328,-0.8721030140913664
2019-02-04,273.89013888888894,533.5880964506083,36.048888888888875,-1.4639615999999984,0.4473216,-1.0166399999999989,2.002456848938237,0.5384952489382359,0.6373994076701311,-0.8265621923298682
2019-02-05,275.02694444444455,533.9044822432267,49.537430555555545,-1.4639615999999984,0.4778208,-0.9861407999999989,2.09480776831108,0.6308461683110791,0.6874896186193412,-0.7764719813806583
2019-02-06,276.1471527777779,547.7303067174734,36.2042361111111,-1.4639615999999984,0.4778208,-0.9861407999999989,2.19176499738171,0.7278033973817092,0.6925187111131822,-0.7714428888868173
2019-02-07,277.2259722222223,579.3115796235421,46.35368055555554,-1.4639615999999984,0.5184864,-0.945475199999999,2.2950144989531567,0.8310528989531561,0.764243674512502,-0.6997179254874976
2019-02-08,278.42625000000004,618.4707055010825,51.06854166666667,-1.4639615999999984,0.50832,-0.955641599999999,2.4175701851290223,0.953608585129022,0.7752342295802809,-0.6887273704197185
2019-02-09,278.0918055555556,666.4435831911904,39.9929861111111,-1.4639615999999984,0.33549120000000004,-1.1284703999999988,2.386017738321151,0.9220561383211511,0.521564388975665,-0.942397211024334
2019-02-10,277.4719444444445,648.0345359126959,40.33631944444445,-1.4639615999999984,0.3253248,-1.1386367999999985,2.3232576637540023,0.8592960637540017,0.5208521817970845,-0.9431094182029147
2019-02-11,276.18263888888896,620.5433585391124,34.13375,-1.4639615999999984,0.33549120000000004,-1.1284703999999985,2.1892764641012668,0.7253148641012664,0.5401209851981372,-0.9238406148018621
2019-02-12,276.5306250000001,625.7376080112282,34.61909722222222,-1.4639615999999984,0.33549120000000004,-1.1284703999999985,2.2215991214341755,0.7576375214341757,0.5401209851981372,-0.9238406148018621
2019-02-13,277.80048611111124,617.4124696510344,49.48152777777778,-1.4639615999999984,0.3659904,-1.0979711999999984,2.365688502640491,0.9017269026404914,0.6369455212069903,-0.827016078793009
2019-02-14,280.45597222222233,571.9735147053492,67.38493055555556,-1.4639615999999984,0.3863231999999999,-1.0776383999999983,2.6893548253701027,1.2253932253701028,0.7473683289027244,-0.716593271097275
2019-02-15,282.94784722222226,500.7390607298668,104.80062499999998,-1.4639615999999984,0.5794847999999999,-0.8844767999999986,3.026894488501777,1.5629328885017768,1.1489007549237658,-0.3150608450762342
2019-02-16,284.26208333333335,515.325504523987,103.75055555555554,-1.4639615999999984,0.5693183999999999,-0.8946431999999986,3.205810302605931,1.7418487026059306,1.1615633306255209,-0.3023982693744794
2019-02-17,284.53520833333346,550.7625618613091,105.00937499999996,-1.4639615999999984,0.5693183999999999,-0.8946431999999986,3.2484833770604298,1.7845217770604291,1.1647485677084493,-0.2992130322915511
2019-02-18,282.9352777777779,618.660663211322,87.64979166666662,-1.4639615999999984,0.5489856,-0.9149759999999986,3.012799185005603,1.5488375850056022,1.0880913907242642,-0.37587020927573594
2019-02-19,281.39305555555575,634.7532421973052,81.84090277777774,-1.4639615999999984,0.5489856,-0.9149759999999986,2.7996160095714395,1.335654409571439,1.0588854446487097,-0.40507615535129027
2019-02-20,280.1015972222224,728.6304403908765,65.54902777777777,-1.4639615999999984,0.5388191999999999,-0.9251423999999986,2.6101007868268447,1.1461391868268442,1.0123689192618777,-0.45159268073812225
2019-02-21,278.81173611111126,743.224155056886,53.8447222222222,-1.4639615999999984,0.5286528,-0.9353087999999986,2.479710455000578,1.0157488550005775,0.9638901946084711,-0.5000714053915286
2019-02-22,276.6972916666668,663.1553895675044,61.4634722222222,-1.4639615999999984,0.5489856,-0.9149759999999986,2.2901028807308728,0.826141280730873,0.9572217071109276,-0.5067398928890722
2019-02-23,276.6670833333335,502.86436797968844,82.94624999999998,-1.4639615999999984,0.5693183999999999,-0.8946431999999986,2.302914864344442,0.8389532643444425,0.9968292242397906,-0.4671323757602089
2019-02-24,279.16090277777795,380.16380810960254,117.19083333333332,-1.4639615999999984,0.6099839999999999,-0.8539775999999987,2.60317422765908,1.1392126276590806,1.1251296423999226,-0.3388319576000771
2019-02-25,282.50465277777795,381.9489414561215,125.61409722222221,-1.4639615999999984,0.6099839999999999,-0.8539775999999987,2.962431181571548,1.4984695815715485,1.1880992508624253,-0.2758623491375744
2019-02-26,284.0759027777779,412.81727466654155,129.41222222222223,-1.4639615999999984,0.6099839999999999,-0.8539775999999987,3.186907575286782,1.7229459752867822,1.216333974699313,-0.2476276253006867
2019-02-27,283.41798611111125,533.9476251260387,121.91034722222224,-1.4639615999999984,0.6099839999999999,-0.8539775999999987,3.088992692235594,1.6250310922355944,1.1991930483578859,-0.2647685516421136
2019-02-28,281.8996527777779,659.5034949142274,84.47597222222224,-1.4639615999999984,0.5896511999999999,-0.8743103999999987,2.8891656073282292,1.4252040073282295,1.1330293386370058,-0.3309322613629937
2019-03-01,279.15458333333345,719.1544675725689,53.5351388888889,-1.4639615999999984,0.5794847999999999,-0.8844767999999986,2.515970047133591,1.052008447133591,1.052619747212643,-0.4113418527873563
2019-03-02,279.3977777777779,778.231675943918,26.50958333333335,-1.4639615999999984,0.5693183999999999,-0.8946431999999986,2.5487814287541064,1.0848198287541064,1.0354430882699317,-0.4285185117300679
2019-03-03,280.42333333333346,754.1320861938503,52.532361111111136,-1.4639615999999984,0.5693183999999999,-0.8946431999999986,2.678710195543705,1.214748595543705,1.0549242519844628,-0.40903734801553676
2019-03-04,280.6086111111112,760.39041910547,69.88256944444447,-1.4639615999999984,0.5896511999999999,-0.8743103999999987,2.69644928588788,1.23248768588788,1.0956977874545029,-0.3682638125454967
2019-03-05,279.7752083333334,702.6299664128828,98.17750000000002,-1.4639615999999984,0.5998175999999998,-0.8641439999999987,2.5994362121680417,1.1354746121680412,1.1000699688341713,-0.3638916311658284
2019-03-06,280.15708333333333,702.4757088039611,95.11951388888889,-1.4639615999999984,0.6201503999999999,-0.8438111999999988,2.6488241326853728,1.1848625326853721,1.146910216300416,-0.31705138369958386
2019-03-07,280.4575694444445,695.5312066510219,62.52874999999998,-1.4639615999999984,0.4066559999999999,-1.0573055999999983,2.6813842682703117,1.217422668270311,0.7711829658348538,-0.6927786341651454
2019-03-08,280.2879166666667,688.6724789723562,50.841111111111104,-1.4639615999999984,0.37615679999999996,-1.0878047999999982,2.651921874909247,1.1879602749092466,0.7195549647612061,-0.7444066352387932
2019-03-09,277.48326388888904,642.2236405208265,20.701250000000005,-1.4639615999999984,0.1728288,-1.291132799999998,2.339917024766821,0.8759554247668199,0.3231235375654637,-1.1408380624345351
2019-03-10,276.23645833333336,641.568722699582,36.705000000000005,-1.4639615999999984,0.355824,-1.1081375999999983,2.220618899097824,0.7566572990978235,0.6278906411283369,-0.8360709588716623
2019-03-11,275.72104166666674,595.1197514966251,51.25722222222222,-1.4639615999999984,0.39648959999999994,-1.0674719999999984,2.1623805413159665,0.6984189413159655,0.6788950962888934,-0.7850665037111056
2019-03-12,277.0184027777779,616.774402830913,50.907638888888876,-1.4639615999999984,0.39648959999999994,-1.0674719999999984,2.280715529644407,0.8167539296444059,0.6788950962888934,-0.7850665037111056
2019-03-13,278.0074305555557,655.4501970869246,45.71062499999999,-1.4639615999999984,0.39648959999999994,-1.0674719999999984,2.3712146823286497,0.9072530823286488,0.6899166561936122,-0.7740449438063869
2019-03-14,278.14659722222245,687.9698854159898,6.092222222222229,-1.4639615999999984,0.1829952,-1.280966399999998,2.380195610742372,0.9162340107423708,0.3157886634675917,-1.148172936532407
2019-03-15,278.5486111111113,719.7032954271681,19.325486111111115,-1.4639615999999984,0.3863231999999999,-1.077638399999998,2.430670173457339,0.966708573457339,0.6650263704287209,-0.7989352295712782
2019-03-16,279.13347222222245,714.2350502314542,31.682638888888892,-1.4639615999999984,0.41682239999999987,-1.0471391999999984,2.5020031133284975,1.0380415133284975,0.7326153616838589,-0.73134623831614
2019-03-17,278.04687500000006,695.1794698952881,30.615069444444448,-1.4639615999999984,0.41682239999999987,-1.0471391999999984,2.3990018717275206,0.9350402717275208,0.7326153616838589,-0.73134623831614
2019-03-18,277.2450694444445,636.4099072741652,55.33534722222223,-1.4639615999999984,0.4473215999999998,-1.0166399999999984,2.310087174145118,0.8461255741451179,0.7788612445346802,-0.6851003554653188
2019-03-19,277.5899305555556,610.8136056358459,86.66722222222224,-1.4639615999999984,0.4676543999999998,-0.9963071999999985,2.3579418312624125,0.8939802312624128,0.8153444726524407,-0.6486171273475584
2019-03-20,280.3570833333334,716.5202695643169,137.07708333333335,-1.4639615999999984,0.6811487999999998,-0.7828127999999989,2.6868481401993485,1.2228865401993485,1.212410605049052,-0.2515509949509475
2019-03-21,282.78284722222224,871.006986054021,162.00472222222223,-1.4639615999999984,0.6811487999999998,-0.7828127999999989,3.0038904080999447,1.5399288080999451,1.1934862099319412,-0.27047539006805815
2019-03-22,283.39944444444444,963.7143954774732,158.31819444444446,-1.4639615999999984,0.6811487999999998,-0.7828127999999989,3.080893175079092,1.6169315750790931,1.0821287177763002,-0.3818328822236992
2019-03-23,281.7872916666667,859.7379833411782,161.44458333333338,-1.4639615999999984,0.7014815999999997,-0.7624799999999988,2.8684103419081364,1.4044487419081377,1.0059235541735019,-0.45803804582649765
2019-03-24,279.304375,726.3315139458779,135.4981944444445,-1.4639615999999984,0.6913151999999997,-0.7726463999999988,2.543167776204459,1.0792061762044602,0.9466614150763716,-0.517300184923628
2019-03-25,277.5812500000001,654.7121974924588,107.71138888888892,-1.4639615999999984,0.6404831999999998,-0.8234783999999987,2.3304146920381554,0.8664530920381566,0.9045607798865701,-0.5594008201134293
2019-03-26,277.8964583333334,711.6028506245187,101.69881944444444,-1.4639615999999984,0.6303167999999998,-0.8336447999999987,2.3656545451886557,0.9016929451886564,0.925561068971119,-0.5384005310288805
2019-03-27,279.41180555555565,813.4609147898822,97.078125,-1.4639615999999984,0.6303167999999998,-0.8336447999999987,2.541257909248626,1.0772963092486258,0.9646474251354317,-0.499314174864568
2019-03-28,281.39993055555556,880.1674196542895,126.67131944444442,-1.4639615999999984,0.6811487999999998,-0.7828127999999989,2.791335921968391,1.3273743219683916,1.0887247436684382,-0.3752368563315615
2019-03-29,283.54555555555555,878.7946988299567,150.1644444444444,-1.4639615999999984,0.7014815999999997,-0.7624799999999988,3.1171156031087466,1.653154003108747,1.1777415111191287,-0.28622008888087125
2019-03-30,282.9603472222222,768.4686736074541,158.93972222222217,-1.4639615999999984,0.7218143999999996,-0.7421471999999989,3.0470831676244434,1.5831215676244448,1.2213670867978752,-0.24259451320212486
2019-03-31,281.28527777777776,599.319195887621,185.56409722222216,-1.4639615999999984,0.7421471999999997,-0.721814399999999,2.83947086595654,1.375509265956541,1.2490667743463233,-0.2148948256536767
2019-04-01,279.8545833333333,545.7627625853462,172.40236111111108,-1.4639615999999984,0.7421471999999997,-0.721814399999999,2.6283939464382855,1.1644323464382857,1.2453391386980746,-0.2186224613019255
2019-04-02,281.4320138888889,653.5615480071699,165.4639583333333,-1.4639615999999984,0.7319807999999997,-0.7319807999999989,2.846188560944142,1.382226960944142,1.2848547618289927,-0.17910683817100748
2019-04-03,281.8211111111111,815.4423123100845,115.6133333333333,-1.4639615999999984,0.7319807999999997,-0.7319807999999989,2.8808392117816033,1.4168776117816033,1.3154194234706313,-0.14854217652936882
2019-04-04,281.20520833333336,918.8901207911795,73.18013888888886,-1.4639615999999984,0.7116479999999997,-0.7523135999999989,2.7735105330291225,1.3095489330291226,1.295598782409943,-0.1683628175900569
2019-04-05,281.4483333333333,900.1096371146514,111.40743055555555,-1.4639615999999984,0.7218143999999996,-0.7421471999999989,2.8449331589701408,1.3809715589701403,1.3529941599898212,-0.11096744001017878
2019-04-06,283.7742361111111,855.3182757925814,150.593125,-1.4639615999999984,0.7218143999999996,-0.7421471999999989,3.197915969834334,1.7339543698343338,1.416566688350415,-0.04739491164958463
2019-04-07,285.5338194444444,779.3892572577926,207.5870138888889,-1.4639615999999984,0.8118231770535211,-0.6521384229464777,3.4777178827214983,2.013756282721499,1.509400658051179,0.04543905805117931
2019-04-08,283.395,677.7205774843568,209.84381944444445,-1.4639615999999984,0.9805134387826798,-0.48344816121731915,3.1588571609367144,1.694895560936715,1.4345936367442427,-0.029367963255756895
2019-04-09,280.3945138888889,591.4025960647451,203.34375000000003,-1.0991246954285703,1.1369679415370613,0.03784324610849066,2.396827382136813,1.2977026867082413,1.2769283994564629,0.17780370402789178
2019-04-10,277.36562499999997,511.51557107116804,174.4713194444445,-0.2637947505446861,1.0789493135849053,0.8151545630402198,1.1753090663614432,0.9115143158167562,0.9653718016080424,0.701577051063356
2019-04-11,275.85131944444447,489.05818055682977,124.91576388888893,0.6292302706355075,0.7859406494924014,1.41517092012791,0.1952063190932479,0.824436589728755,0.5676571627578811,1.196887433393389
2019-04-12,274.99069444444444,509.15443233039497,97.79062500000005,0.8540366240097347,0.6831821919853809,1.5372188159951168,-0.05804095011396471,0.7959956738957695,0.4214298437868062,1.2754664677965415
2019-04-13,274.76034722222226,572.6045067915785,67.71645833333338,1.019333663874425,0.5675240119061267,1.5868576757805524,-0.21637841099403024,0.8029552528803944,0.30806793880806305,1.3274016026824884
2019-04-14,276.62951388888894,577.6925911807067,129.98236111111115,0.9460142426942308,0.9554576906563604,1.9014719333505916,-0.012448495997396688,0.9335657466968338,0.5304516678690784,1.4764659105633093
2019-04-15,278.84402777777774,562.6345548337048,181.15597222222223,1.1862699403668697,1.397140629009132,2.5834105693760017,-0.07178773936371241,1.114482201003157,0.733659163790171,1.919929104157041
2019-04-16,281.7477777777777,530.3107117697726,258.8316666666667,1.193458635618295,1.954304901644422,3.1477635372627173,0.23798640641087232,1.431445042029167,1.0893029221485742,2.2827615577668694
2019-04-17,284.06986111111104,555.3187051027693,259.40972222222234,1.189635435618295,2.297162461682006,3.4867978973003013,0.6002552244379223,1.7898906600562168,1.45547051128565,2.645105946903945
2019-04-18,286.2664583333333,600.067445293064,262.0010416666668,1.1672092800000005,2.509860383570648,3.6770696635706486,0.9836095720935377,2.1508188520935376,1.8385259041326403,3.0057351841326407
2019-04-19,287.3411111111111,599.290056762792,262.66902777777796,1.0945080000000005,2.6663747803196767,3.7608827803196765,1.243130286039339,2.3376382860393385,2.18991760448194,3.28442560448194
2019-04-20,287.63979166666667,596.4455555645505,269.1929166666668,0.8675712000000008,2.983585754213499,3.8511569542134985,1.5243800437556316,2.391951243755632,2.3749472922013606,3.2425184922013597
2019-04-21,286.9537499999999,588.145791984536,275.4600694444445,0.6521616000000007,3.44674370009788,4.09890530009788,1.6007738306043453,2.2529354306043463,2.4166969541525045,3.0688585541525044
2019-04-22,286.5156944444443,685.1798449928642,262.78111111111116,0.1723320000000006,4.277899852050353,4.450231852050353,1.9913703679576187,2.1637023679576193,2.6076602146298193,2.7799922146298193
2019-04-23,286.8539583333332,858.3826056228739,250.230138888889,0.39852720000000047,5.077761690621005,5.476288890621004,1.8373121661262672,2.235839366126268,2.715896394189603,3.114423594189603
2019-04-24,288.1865972222222,940.7675007694488,247.09354166666682,1.1198160000000004,5.564598824050321,6.684414824050319,1.3877973058742368,2.5076133058742367,2.5336062655945075,3.653422265594507
2019-04-25,287.7699305555555,1008.1553274622619,236.4541666666668,1.3590936000000005,6.290183141225437,7.649276741225435,1.0749294134413545,2.434023013441355,2.994245150276219,4.353338750276218
2019-04-26,286.01347222222216,960.2624915276341,207.1925000000001,1.7344080000000004,6.385521064670918,8.119929064670915,0.3773886852512605,2.1117966852512615,3.096295802965216,4.830703802965216
2019-04-27,283.29083333333324,961.4819889371676,186.2196527777779,0.5221008000000005,6.880094444935353,7.402195244935349,1.0920148174383801,1.6141156174383815,3.818966925984839,4.341067725984839
2019-04-28,282.0149305555555,926.6597259996073,133.71145833333344,1.1970720000000004,5.733902178050662,6.930974178050659,0.221171196120159,1.4182431961201607,2.767446755933449,3.9645187559334496
2019-04-29,282.36777777777775,867.9012435732128,178.98006944444455,0.49938480000000035,6.170224097482816,6.6696088974828145,0.9891503296423974,1.4885351296423994,3.0656760106160674,3.565060810616069
2019-04-30,283.1977083333333,907.4991478412389,195.24833333333345,0.8618688000000004,6.469675662028004,7.331544462028003,0.7595157530692306,1.6213845530692321,3.6637195110112977,4.525588311011298
2019-05-01,283.28645833333326,902.7257670464193,220.474513888889,0.05117760000000068,7.094277364719862,7.145454964719863,1.5857188540162601,1.6368964540162618,5.137700417105331,5.188878017105333
2019-05-02,281.59770833333323,843.2095106456171,174.89076388888898,-0.11982239999999937,6.404800336017234,6.284977936017232,1.493690886682615,1.3738684866826167,5.5062333092549585,5.38641090925496
2019-05-03,279.12402777777766,722.2282319018531,144.11868055555564,-0.5691095999999995,5.327578775978889,4.758469175978887,1.6170729553207253,1.047963355320727,4.910570730680224,4.3414611306802255
2019-05-04,278.19499999999994,590.7943545902293,174.93437500000007,-1.1799719999999996,5.158623372800307,3.9786513728003032,2.120847319226201,0.9408753192262033,4.432163427779289,3.252191427779291
2019-05-05,278.0132638888888,600.3813447506677,181.3698611111112,-1.3416983999999992,5.166054541906163,3.82435614190616,2.267154835272063,0.9254564352720648,4.1361897370231295,2.7944913370231315
2019-05-06,279.1229166666665,606.7388650063008,211.308888888889,-1.8514367999999992,5.638407051638179,3.786970251638177,2.9013029100539875,1.0498661100539894,4.347556117469831,2.4961193174698333
2019-05-07,280.50472222222214,730.6995196897906,184.04236111111126,-1.2544559999999993,5.467806299078112,4.213350299078111,2.474273063800827,1.2198170638008279,3.8422437051368328,2.587787705136835
2019-05-08,282.66638888888883,838.2048328704618,208.90715277777792,-0.7835471999999997,5.896475910179455,5.112928710179454,2.3066764131819752,1.5231292131819762,3.7582672474899517,2.9747200474899547
2019-05-09,283.9577083333333,947.7173341524555,182.1673611111112,-0.5503667999999996,6.554368000479589,6.004001200479588,2.248901465042064,1.6985346650420654,3.9185659693459143,3.3681991693459175
2019-05-10,283.2877083333332,957.1586943202309,160.85847222222233,-0.6110627999999996,6.725972033685294,6.114909233685293,2.2124889391698095,1.601426139169811,4.092493241992655,3.4814304419926594
2019-05-11,281.9870833333332,840.0037528422175,179.19555555555567,-1.4894483999999997,7.14979928004529,5.660350880045288,2.901143718837964,1.4116953188379648,4.511161487355735,3.0217130873557387
2019-05-12,281.19347222222206,707.0035567626502,226.02847222222238,-1.2024791999999997,6.882846625413914,5.6803674254139125,2.516759966065741,1.3142807660657416,4.251577842663981,3.049098642663985
2019-05-13,281.3454166666665,593.1662237473855,281.9973611111113,-1.3867703999999996,7.290555276459881,5.903784876459878,2.730374137963151,1.3436037379631507,4.422023593256321,3.0352531932563234
2019-05-14,281.3841666666665,559.938769147184,249.62465277777792,-1.0898927999999992,6.9333192522359255,5.843426452235922,2.4398828842925244,1.349990084292525,4.192137481542974,3.1022446815429756
2019-05-15,280.83881944444425,682.0128189211578,155.22152777777794,0.20913840000000086,5.092130067068805,5.301268467068801,1.0516667035331229,1.2608051035331234,2.9565078840039196,3.165646284003921
2019-05-16,281.9121527777775,842.7187757362823,134.59916666666683,-0.3191916999999988,5.08725216570043,4.768060465700426,1.7335776145600137,1.414385914560014,3.1924564604779015,2.873264760477903
2019-05-17,284.1307638888886,1037.874759350836,171.69263888888906,-0.5577504964662944,5.293576902918821,4.7358264064525235,2.256167093157015,1.6984165966907199,3.3642293783468618,2.8064788818805675
2019-05-18,287.96916666666647,1113.8331418525977,263.4031250000002,-1.5313416964662947,7.4616842936374494,5.93034259717115,3.915176255550774,2.3838345590844794,4.7231447367943025,3.191803040328009
2019-05-19,289.5995138888887,1267.0990674023535,271.44069444444466,-1.011550796466295,8.397300198560593,7.385749402094294,3.6955581980101777,2.6840074015438837,5.236774122658229,4.225223326191934
2019-05-20,289.4368055555554,1392.2519669074711,223.7885416666669,-0.5468256000000005,9.01522917610489,8.468403576104887,3.2737057713401114,2.726880171340112,5.617251778773156,5.070426178773155
2019-05-21,286.9627083333332,1355.443508640581,156.94402777777802,-1.2080520000000001,9.143230221200362,7.935178221200357,3.4404157361325836,2.232363736132583,5.937028494745037,4.7289764947450355
2019-05-22,286.3737499999999,1115.659724260767,196.93993055555575,-2.874977829928435,10.072594836837752,7.197617006909312,4.964270941927702,2.089293111999267,6.70794210484805,3.8329642749196133
2019-05-23,287.04076388888876,963.5979712419581,241.14243055555573,-4.356809829928435,11.41291119691538,7.0561013669869395,6.5873428830883896,2.2305330531599545,7.61071547898445,3.253905649056016
2019-05-24,286.9647916666666,946.4206815459864,244.7104861111113,-4.704339429928436,11.635209533156798,6.9308701032283615,6.924280698301117,2.219941268372682,8.069215942190949,3.3648765122625157
2019-05-25,287.4234722222221,1034.1943465025045,229.45277777777798,-4.905550800000001,12.108706842023514,7.203156042023509,7.250862971442488,2.345312171442489,8.725350828600007,3.819800028600009
2019-05-26,287.0891666666665,1082.8342744212616,170.98229166666692,-4.512654,10.921117679371827,6.408463679371825,6.775468141408626,2.2628141414086267,8.168039515411138,3.6553855154111403
2019-05-27,287.65861111111093,1085.5471221853702,194.6385416666669,-5.231357999999999,11.31982005826591,6.088462058265905,7.59080206491661,2.35944406491661,8.759587482134682,3.5282294821346833
2019-05-28,285.8445833333333,993.2563621127601,104.135277777778,-5.731374825,6.857642258352826,1.12626743335282,7.751166014789892,2.019791189789892,5.365964159876469,-0.3654106651235322
2019-05-29,285.72979166666664,958.8326004876238,141.12993055555572,-6.5777564250000005,7.426122727861663,0.8483663028616562,8.58700901557672,2.00925259057672,6.2943501362539,-0.28340628874610135
2019-05-30,287.48041666666666,1135.3884734849219,142.59583333333356,-6.707885625,7.665440667505407,0.9575550425053994,9.06890479735717,2.361019172357172,6.409132007727233,-0.29875361727276833
2019-05-31,290.8599305555554,1332.2119457041283,250.0440972222225,-5.840603640466926,11.244379871455537,5.403776230988605,8.875154940873164,3.0345513004062385,9.189960638190682,3.3493569977237563
2019-06-01,293.67708333333326,1453.7737448935748,281.66270833333357,-4.7124380404669255,10.636027251167611,5.923589210700677,8.428652250637903,3.716214210170975,8.095941149093997,3.383503108627073
2019-06-02,295.08166666666665,1449.0663410857003,302.55777777777797,-3.400341275486381,10.166618819814202,6.766277544327814,7.4734574159054015,4.073116140419018,7.494117408122342,4.093776132635962
2019-06-03,295.7356944444444,1502.0050956579528,300.1961805555557,-3.63187236678416,10.751019985652517,7.11914761886835,7.890704862981935,4.258832496197773,7.96376648188549,4.33189411510133
2019-06-04,296.43173611111104,1515.280527912624,296.610138888889,-4.112365730420524,11.508303647917927,7.395937917497399,8.563386327560982,4.451020597140457,8.50204980217403,4.389684071753506
2019-06-05,294.5904166666666,1472.2228168103748,256.3272916666669,-4.440542895401068,11.361152390083012,6.9206094946819405,8.44309126473708,4.002548369336009,8.516659392502012,4.076116497100943
2019-06-06,292.855625,1403.873794950233,251.07541666666688,-4.361029363636362,11.122389995885813,6.761360632249449,7.946842884439742,3.585813520803375,8.427001317115959,4.065971953479594
2019-06-07,289.2477083333333,1231.6228373150814,240.72222222222248,-5.1119064,10.896106486114602,5.784200086114598,7.798726724260612,2.6868203242606086,8.770964668902737,3.6590582689027364
2019-06-08,289.5909027777778,1094.9465767265374,296.9711111111114,-6.455188799999999,11.85892579970202,5.403736999702016,9.214792630605144,2.759603830605141,9.702112185989932,3.2469233859899327
2019-06-09,290.51854166666664,1154.3956015531637,271.55618055555584,-5.967658224912692,11.59096323843765,5.623305013524956,8.908572395075005,2.9409141701623116,9.556560115685658,3.5889018907729664
2019-06-10,291.6816666666668,1380.257334563309,255.1145138888891,-5.813002224912693,12.667015912374822,6.854013687462128,8.998628357113276,3.185626132200582,10.56604808174935,4.75304585683666
2019-06-11,290.4747222222224,1542.664443905518,151.31340277777798,-4.925997196341265,8.513191067574985,3.5871938712337172,7.853987045005532,2.927989848664265,7.122941617127143,2.1969444207858806
2019-06-12,289.86444444444464,1455.2767071127319,173.20180555555575,-5.933017928082566,8.693546430650997,2.760528502568429,8.744541242160052,2.8115233140774847,7.226447178184881,1.2934292501023181
2019-06-13,291.14736111111125,1348.4928147363871,182.19402777777802,-5.690395628082566,7.549267722825699,1.8588720947431299,8.829012682132072,3.138617054049504,6.03383269233678,0.34343706425421683
2019-06-14,293.46666666666675,1434.1968908792367,281.7099305555558,-5.3327222566539945,11.371887466468989,6.03916520981499,8.991335693497717,3.658613436843724,9.204829441587185,3.8721071849331925
2019-06-15,292.8784722222223,1509.1217830034266,230.7822222222225,-4.386300486206898,10.413440052660029,6.027139566453127,7.906201298088885,3.5199008118819877,8.583954530293736,4.197654044086839
2019-06-16,292.2816666666668,1558.4832703691573,254.36305555555586,-4.455831698078307,10.15447238695848,5.698640688880167,7.820428552495435,3.364596854417126,8.464049555875306,4.008217857796998
2019-06-17,293.06055555555577,1449.5699805647916,267.59534722222253,-5.321941298078307,10.056246174913461,4.734304876835151,8.89139005500805,3.5694487569297415,8.22000404119852,2.898062743120212
2019-06-18,295.26055555555575,1463.6681573952965,322.9845138888892,-4.33574331187141,10.019347881478707,5.68360456960729,8.455183598801156,4.119440286929746,7.788527242439325,3.452783930567913
2019-06-19,294.76756944444463,1514.1312693489465,297.5142361111114,-4.186759322542096,10.17300576842486,5.986246445882756,8.178247404417492,3.991488081875397,7.968311445265312,3.781552122723216
2019-06-20,292.84631944444465,1498.338560581418,274.3234722222225,-4.272593241292096,10.534673500099549,6.262080258807445,7.782490248563787,3.50989700727169,8.383344283597319,4.110751042305222
2019-06-21,291.29722222222244,1418.3568910062302,286.89020833333365,-5.840458041292096,12.0934556163896,6.2529975750974955,8.95902628211077,3.1185682408186737,9.764306078236947,3.9238480369448516
2019-06-22,291.6325000000002,1279.886876458752,314.49958333333365,-5.09156191875,12.039445086952178,6.9478831682021704,8.316246766637692,3.224684847887694,9.096461473485608,4.004899554735611
2019-06-23,293.3345138888891,1224.0519085110182,342.32006944444475,-4.636605599999998,11.717155681875175,7.080550081875167,8.29212165997348,3.655516059973479,8.444680939167421,3.808075339167426
2019-06-24,296.12930555555573,1293.1239299741671,334.7978472222226,-4.661423999999999,10.819292617973224,6.1578686179732145,9.063176810693172,4.401752810693169,7.827211878122488,3.1657878781224915
2019-06-25,295.8161805555558,1397.6881893003545,217.28347222222257,-5.314204799999998,7.2663159807432365,1.9521111807432294,9.646914966851702,4.332710166851702,5.52011768172349,0.20591288172349342
2019-06-26,293.6400694444447,1404.195958694271,218.18354166666708,-5.768207999999998,6.863016402427239,1.0948084024272327,9.577584942514651,3.809376942514652,6.154351330261478,0.3861433302614821
2019-06-27,290.40881944444476,1272.1990019305867,215.69000000000037,-5.842498338386199,6.706164848027524,0.8636665096413184,8.790644209619789,2.948145871233589,6.460731971827978,0.6182336334417823
2019-06-28,291.9918750000002,1116.9412483608833,334.72729166666693,-5.823527193008048,9.914855452393677,4.091328259385622,9.162854733797346,3.339327540789292,8.961426162722608,3.1378989697145614
2019-06-29,295.825902777778,1196.8086068101534,330.0547916666669,-4.139519193008049,9.3884253412196,5.248906148211543,8.494078390313645,4.354559197305589,7.27894238645271,3.139423193444664
2019-06-30,296.73583333333346,1257.5528114130711,322.60722222222245,-3.975794911764705,10.2156276931926,6.239832781427886,8.550040571981544,4.574245660216834,7.390643176579679,3.414848264814976
2019-07-01,293.9053472222224,1240.7973783993812,301.10402777777813,-4.624485257142857,11.14348253732887,6.5189972801860065,8.509371464887566,3.8848862077447066,8.245276550712385,3.6207912935695314
2019-07-02,289.3685416666669,1062.0315341112046,277.08861111111145,-7.061771657142856,12.665060625338041,5.6032889681951765,9.791866600721415,2.7300949435785564,10.242090852523768,3.180319195380914
2019-07-03,287.92118055555585,963.2094768613439,286.06284722222256,-8.1463968,13.167581505896905,5.021184705896897,10.559878325780588,2.4134815257805826,10.878440226034096,2.732043426034099
2019-07-04,288.6451388888891,1037.5140193131149,260.5086805555559,-8.444583942857141,13.591959579041257,5.147375636184104,11.007945904140307,2.5633619612831615,11.14417006087846,2.699586118021323
2019-07-05,289.6261805555558,1189.7645281774253,237.02069444444479,-7.286463942857142,13.095793957120035,5.809330014262883,10.051893392148978,2.765429449291832,10.48284388318758,3.1963799403304414
2019-07-06,288.8486111111113,1196.2735822125655,206.09930555555593,-6.498539142857143,12.544807881309985,6.0462687384528335,9.107354463668843,2.6088153208116998,9.882589026129418,3.384049883272278
2019-07-07,287.0343055555559,1125.5244074662212,191.9307638888893,-6.0909984,12.096934607465855,6.005936207465846,8.347897860108926,2.2568994601089236,9.546865768059464,3.4558673680594665
2019-07-08,285.50270833333366,1016.7874821376269,173.8383333333337,-6.486595200000001,12.095875531573512,5.609280331573504,8.43689893190309,1.950303731903085,9.594437919043354,3.1078427190433575
2019-07-09,286.16159722222255,1040.2647238825787,195.16361111111152,-7.147447200000001,12.827272178728103,5.679824978728097,9.228778555877343,2.0813313558773365,10.037360099620797,2.8899128996207986
2019-07-10,287.6903472222225,1136.5970517982666,199.18875000000045,-6.787856340533513,13.001570145063505,6.213713804529985,9.14048324576205,2.3526269052285307,9.92102861857934,3.13317227804583
2019-07-11,288.96284722222254,1301.4762605686938,210.71222222222264,-6.713775540533514,13.660970117182947,6.9471945766494265,9.305945233482403,2.5921696929488838,10.289619126706135,3.575843586172624
2019-07-12,289.13881944444466,1466.888243365065,172.79847222222259,-5.203006740533515,12.556527423464876,7.353520682931355,7.822314533998892,2.619307793465373,9.19563587665425,3.9926291361207404
2019-07-13,288.17520833333356,1466.5920176191778,141.50909722222252,-4.235688000000001,11.014861221051364,6.779173221051356,6.677212635147224,2.4415246351472186,7.9333036697483665,3.697615669748371
2019-07-14,287.1781250000002,1351.931135597011,116.33243055555586,-3.259224000000001,9.151697049065097,5.892473049065089,5.505633250345539,2.2464092503455366,6.554800827933839,3.2955768279338433
2019-07-15,286.46930555555576,1274.7136179222132,95.6382638888892,-2.8179648,8.254398080746531,5.436433280746523,4.925699579117894,2.107734779117891,6.111965678096555,3.2940008780965595
2019-07-16,287.5890972222224,1225.2470076120637,166.72034722222253,-4.495518655697609,9.657899169273408,5.162380513575793,6.845620128143451,2.350101472445839,7.545337100935889,3.049818445238282
2019-07-17,290.09013888888916,1216.6877574665077,213.85618055555588,-5.965393177395222,10.845731698625281,4.880338521230054,8.833679498393636,2.8682863209984113,8.525734317448096,2.560341140052876
2019-07-18,292.1997916666669,1262.124603703985,239.129791666667,-6.285130968943498,11.1082110268933,4.823080057949797,9.593278712667809,3.30814774372431,8.962929183369111,2.6777982144256143
2019-07-19,293.6966666666669,1406.2039532298259,221.0940277777781,-5.162526997135463,9.971787162015726,4.809260164880254,8.844952913633994,3.6824259164985302,8.015562648073216,2.8530356509377577
2019-07-20,293.4711805555557,1525.8715611252258,226.87326388888923,-4.359526855204388,9.050763001837408,4.691236146633012,8.01499182577269,3.655464970568301,7.543182020755356,3.1836551655509733
2019-07-21,293.93395833333346,1521.453473678184,232.22229166666702,-5.152295419866521,9.171035024767432,4.018739604900904,8.935949124128337,3.783653704261814,7.863489357620754,2.711193937754237
2019-07-22,295.09875000000017,1519.1571481290196,255.90125000000035,-4.819963393119803,8.28538355895777,3.4654201658379606,8.909580050854117,4.089616657734308,7.292791110514705,2.472827717394907
2019-07-23,296.92527777777786,1462.5369254777304,169.211666666667,-3.8795826133532656,5.363943830749553,1.4843612173962788,8.445502730945762,4.56592011759249,4.76967316904817,0.890090555694909
2019-07-24,299.2077083333334,1439.3932329135632,200.825416666667,-2.6759098571428566,3.619823311996264,0.9439134548533988,7.908301738739351,5.232391881596491,3.2200240201327226,0.5441141629898713
2019-07-25,298.6517361111112,1411.5103561535761,197.33104166666703,-3.037420800000001,3.609229992590294,0.5718091925902854,8.115477637126373,5.078056837126369,3.488261701764232,0.45084090176423713
2019-07-26,297.61437500000017,1430.3610354026187,296.38250000000033,-3.669948000000002,5.722916730138316,2.052968730138307,8.472343353741218,4.802395353741215,5.571329989044311,1.9013819890443147
2019-07-27,296.15000000000015,1503.8247403051419,280.7187500000003,-4.052598380918856,6.33556173448206,2.2829633535631966,8.397010648338393,4.344412267419533,6.253517385714054,2.200919004795203
2019-07-28,294.94375000000014,1679.6620269162215,213.89423611111138,-2.9545503809188554,6.034551988669423,3.080001607750559,6.959712845333279,4.005162464414421,6.013814337595387,3.059263956676537
2019-07-29,294.32729166666684,1826.6888715896755,114.99895833333363,-3.8124649409188547,3.9208652511214015,0.10840031020253689,7.644499495309266,3.832034554390407,3.930746050315309,0.11828110939645924
2019-07-30,292.7947222222224,1834.9853886558249,79.55215277777809,-3.8387222599999995,4.4487886282122755,0.6100663682122663,7.281470247922223,3.44274798792222,4.149628439697248,0.3109061796972532
2019-07-31,292.7115277777779,1582.8223913422928,121.32812500000034,-5.995259105668016,6.240046928519949,0.24478782285192371,9.416592983364042,3.4213338776960254,5.280704655570367,-0.7145544500976442
2019-08-01,292.2218750000001,1431.9966087031137,187.90062500000033,-6.586297003181028,10.189243480449065,3.6029464772680257,9.896458006376294,3.3101610031952657,8.393976036601805,1.8076790334207793
2019-08-02,291.83458333333346,1396.1044868205443,210.77354166666706,-7.055897303181027,11.243539212716229,4.187641909535192,10.28000282619159,3.224105523010561,9.04519298089461,1.9892956777135862
2019-08-03,291.33395833333344,1421.1686282467438,220.11729166666706,-6.282127657513012,10.675699374928051,4.393571717415031,9.399100780935994,3.1169731234229796,8.666578891892888,2.38445123437988
2019-08-04,291.6473611111112,1457.3580083451318,202.0547222222226,-5.141317006958393,9.027245443177533,3.8859284362191313,8.320224579492336,3.178907572533941,7.673225390444986,2.5319083834865954
2019-08-05,292.7504861111111,1460.5053429998109,200.38062500000035,-5.835600077082371,8.081118002670637,2.2455179255882576,9.248054231531247,3.4124541544488753,7.4330794105239475,1.5974793334415802
2019-08-06,292.6699305555556,1451.3711257444345,112.63666666666704,-5.425053802232586,5.042194835805573,-0.38285896642702166,8.791980435339738,3.3669266331071537,4.830105555847905,-0.5949482463846777
2019-08-07,292.6660416666667,1357.6902379885262,161.56340277777815,-7.854650421248219,5.543328864094579,-2.3113215571536467,11.232701236303976,3.3780508150557615,5.689951247941761,-2.164699173306453
2019-08-08,292.89472222222224,1347.4331584165614,155.60152777777816,-11.406473751124244,5.985417923721269,-5.421055827402978,14.885376219979866,3.4789024688556274,6.42115697425234,-4.9853167768718984
2019-08-09,294.07784722222226,1416.516379153688,218.98138888888926,-16.05519682597403,9.413001366767421,-6.642195459206611,19.84296391126776,3.7877670852937357,10.120738553231854,-5.934458272742167
2019-08-10,294.3895833333334,1394.3427966379722,198.69479166666704,-17.935603200000003,10.118922338069373,-7.8166808619306325,21.811611069361135,3.8760078693611377,10.690404142505054,-7.245199057494943
2019-08-11,293.0224305555557,1306.1524223455172,208.82055555555596,-17.935603200000003,10.72985330637394,-7.205749893626066,21.47718659286093,3.5415833928609413,10.914230915151828,-7.0213722848481686
2019-08-12,290.9218055555557,1165.5530612854611,213.07631944444483,-15.046312521656228,10.58799134767629,-4.458321173979942,18.158761160267186,3.112448638610967,10.317748319586707,-4.728564202069514
2019-08-13,289.3064583333335,1094.2639552584683,221.6758333333337,-10.787913484934919,9.834256986855813,-0.9536564980791074,13.523029546927967,2.735116061993061,9.198075671372917,-1.589837813561993
2019-08-14,288.7348611111113,1122.863232175642,182.13687500000037,-5.896727268448351,8.197483998294244,2.3007567298458937,8.505845545866327,2.6091182774179873,7.407407057044369,1.51067978859603
2019-08-15,289.50229166666685,1150.6590827737393,181.89166666666702,-4.2159640336063715,7.57196348338702,3.355999449780654,6.9251706570148,2.709206623408445,6.610229249484111,2.394265215877754
2019-08-16,290.5446527777779,1311.9071883342997,144.58125000000038,-3.452240670327683,7.414903904635594,3.962663234307914,6.395389936520648,2.943149266192981,6.331327031840662,2.879086361512993
2019-08-17,291.2687500000001,1468.3994764572544,152.32722222222262,-3.487797286814253,7.726848235461386,4.239050948647136,6.583545709446875,3.095748422632638,6.548213061619671,3.0604157748054326
2019-08-18,291.48097222222236,1476.9752393364518,171.75868055555588,-3.242424960000008,7.1880682478529225,3.9456432878529157,6.393277019944141,3.1508520599441474,6.121042783258812,2.8786178232588155
2019-08-19,291.08416666666676,1351.1628549728541,184.18368055555587,-3.5946417600000085,6.917140596501253,3.3224988365012464,6.6458107455738435,3.05116898557385,6.206517281773125,2.611875521773128
2019-08-20,290.7371527777779,1052.951493422039,142.61361111111142,-4.552076596363644,4.447497010678794,-0.10457958568484955,7.5174919095408805,2.96541531317725,4.115079691100931,-0.4369969052627014
2019-08-21,291.6159027777778,957.892211683312,143.52673611111146,-4.581634036363645,4.0729111992696305,-0.508722837094012,7.76826190686547,3.186627870501839,4.299758574645006,-0.28187546171862604
2019-08-22,293.23902777777784,940.7231231482161,170.12180555555588,-3.8846064075166384,2.9211710342613437,-0.9634353732552919,7.465409630023646,3.58080322250702,3.564265377905009,-0.320341029611617
2019-08-23,295.066875,1094.698808864848,254.79173611111142,-2.6377431781620655,4.316273338140913,1.6785301599788511,6.677814784311987,4.040071606149936,5.004598852325249,2.366855674163196
2019-08-24,295.84756944444445,1309.105105603538,166.97250000000028,-2.568155178162065,2.569438167717261,0.001282989555198159,6.799441774414901,4.231286596252851,2.941169071287897,0.3730138931258445
2019-08-25,296.58368055555565,1526.859184491688,158.69284722222253,-2.264621607009071,2.5185233299674477,0.2539017229583795,6.721507722500349,4.456886115491295,2.5388095222080094,0.27418791519895064
2019-08-26,296.9893750000001,1680.071466238723,132.41444444444474,-2.617653038101612,3.0394387008052193,0.4217856627036092,7.172315953069604,4.5546629149680085,2.901001003990024,0.2833479658884248
2019-08-27,297.5879166666668,1745.4110779399678,186.27069444444476,-2.5023306381016126,5.024058581912294,2.521727943810683,7.234707794373051,4.732377156271453,4.644856487525826,2.1425258494242274
2019-08-28,296.680138888889,1777.1969694716565,172.6587500000003,-2.933807438101612,6.092369291795233,3.1585618536936226,7.398599697267141,4.4647922591655425,5.4684732629603205,2.5346658248587213
2019-08-29,296.2147222222223,1748.2935743508867,158.5108333333337,-2.055417280000008,5.887314275086726,3.8318969950867188,6.399212141272964,4.343794861272971,5.033135178246513,2.977717898246518
2019-08-30,296.52597222222226,1703.1701951816121,176.77215277777816,-1.596466480000008,5.819727833543837,4.223261353543831,6.0446320651303855,4.4481655851303925,4.606940049344479,3.0104735693444824
2019-08-31,295.3712500000001,1606.9287017104125,153.48736111111148,-1.7525372800000076,5.812529562634606,4.0599922826346,5.930349969171445,4.177812689171451,4.437507043665879,2.684969763665883
2019-09-01,292.8890277777778,1362.7626938900503,165.31229166666705,-2.4205413519434704,6.221951490950327,3.8014101390068595,6.031504685674823,3.6109633337313674,4.847279698232004,2.426738346288545
2019-09-02,289.4528472222223,1189.0220247015739,124.2217361111115,-2.5396665519434705,6.104552329286428,3.5648857773429605,5.277495902316932,2.737829350373476,4.940341356532676,2.4006748045892174
2019-09-03,289.15368055555564,1117.1525285400776,151.91340277777815,-2.645672151943471,6.2885254564896735,3.642853304546206,5.317921941016427,2.6722497890729713,5.130492738790398,2.48482058684694
2019-09-04,288.822638888889,1154.1237382173842,147.0993055555559,-2.480644800000008,6.105788635282834,3.625143835282828,5.082977790325161,2.6023329903251704,5.095568530687601,2.6149237306876056
2019-09-05,288.3595833333334,1063.5671495115066,193.2132638888892,-2.8921971623319713,6.246396109815604,3.354198947483635,5.40551101220883,2.513313849876876,5.482938998435788,2.590741836103829
2019-09-06,287.2019444444445,966.7049948518237,163.60125000000036,-3.544489410970904,6.2295026508603515,2.68501323988945,5.806718848373884,2.2622294374029983,5.749542590215853,2.2050531792449615
2019-09-07,287.4939583333334,951.9398432908307,158.35076388888925,-3.9670225349679185,6.176917574854028,2.209895039886113,6.270430076728623,2.303407541760722,5.642145204666201,1.675122669698295
2019-09-08,286.7729166666668,1111.9703847690428,94.15041666666703,-2.831430972635955,5.422142254548905,2.590711281912952,5.000512260695096,2.1690812880591595,4.831105547296016,1.9996745746600741
2019-09-09,286.46465277777787,1112.9896080655337,121.20152777777811,-1.9625267239970234,5.175903520721337,3.2133767967243156,4.075516780300073,2.1129900563030684,4.329363755299579,2.3668370313025684
2019-09-10,286.8453472222223,1093.531653277646,137.92930555555594,-1.181233200000009,5.335068745870042,4.153835545870035,3.390165334320938,2.208932134320948,4.178880731214658,2.9976475312146618
2019-09-11,288.66833333333335,1142.2728048497095,168.88097222222262,-1.6521780000000088,6.244185282961584,4.592007282961579,4.220034391689079,2.5678563916890886,4.641951387066011,2.989773387066014
2019-09-12,289.5954166666667,1254.5811829390284,143.49729166666705,-1.2238932000000082,6.233973765654994,5.010080565654991,3.9713792988113377,2.7474860988113483,4.359112036016748,3.135218836016751
2019-09-13,288.8992361111112,1212.0368965077232,147.52402777777817,-2.0458409947826164,6.6999701057842955,4.654129111001683,4.635693172676016,2.589852177893418,4.863737185484479,2.8178961907018727
2019-09-14,288.68895833333346,1049.2313585672362,160.1779861111115,-2.3331065947826173,6.99554290749622,4.662436312713606,4.889541386178199,2.5564347913956014,5.059338704664968,2.726232109882362
2019-09-15,286.9363888888891,1030.5266537420077,136.2667361111115,-2.0362073947826174,6.471800462040801,4.4355930672581865,4.262819557441103,2.2266121626585047,4.853409715633415,2.817202320850809
2019-09-16,285.7484722222224,1070.95757656226,109.27062500000038,-1.223481600000009,5.927802224169913,4.704320624169906,3.262689990652453,2.039208390652462,4.409167558666481,3.1856859586664847
2019-09-17,283.3866666666668,1041.6184750230932,98.43208333333371,-1.3803336000000088,5.794326290162317,4.41399269016231,2.9833062934764514,1.6029726934764597,4.631160536009538,3.2508269360095405
2019-09-18,283.1403472222224,896.4966339482938,132.36465277777816,-2.2921560000000087,6.320110574850783,4.027954574850775,3.8655667760100516,1.57341077601006,5.133895845497862,2.8417398454978655
2019-09-19,283.59402777777797,857.4902887093212,146.12673611111148,-3.052724080861836,6.478455220959618,3.425731140097785,4.704118256843635,1.6513941759818158,5.397599495181698,2.3448754143198745
2019-09-20,285.54326388888904,853.3238537818434,164.51840277777814,-2.7371840808618355,5.9042357769458,3.1670516960839676,4.736975995908807,1.9997919150469883,4.831934087629815,2.0947500067679923
2019-09-21,287.8809722222224,904.7918676416804,174.70777777777815,-1.773226480861836,5.188255370112964,3.4150288892511313,4.220851442460806,2.447624961598986,4.191524944860472,2.4182984639986493
2019-09-22,289.1035416666668,982.166364349203,122.22652777777814,-0.7929847168831263,3.063684707485623,2.2706999906025,3.4505716573587986,2.6575869404756887,2.383283394358637,1.5902986774755241
2019-09-23,289.0519444444446,1089.55600913769,59.18777777777819,-0.7914862753246852,1.3812243145756362,0.5897380392509547,3.4205024513453615,2.6290161760206936,1.08123082622318,0.28974455089850837
2019-09-24,287.88701388888904,1224.7594894268705,22.930069444444836,-1.3732414753246849,1.17795747895378,-0.1952839963709018,3.7405404688920645,2.3672989935673976,1.087065124779348,-0.28617635054532364
2019-09-25,287.89055555555575,1333.2097441174749,58.62875000000039,-1.572283901298711,2.6701582366304124,1.0978743353317049,3.9470850001427515,2.374801098844058,2.4399045038165244,0.8676206025178268
2019-09-26,287.48076388888916,1418.7326498672362,78.03291666666705,-1.437839142857153,3.7511939894386583,2.3133548465815092,3.735142932002503,2.297303789145367,3.4095051954540896,1.9716660525969507
2019-09-27,287.65201388888914,1389.124468563452,91.03444444444483,-0.8327559428571534,3.9109253185645216,3.078169375707373,3.1662707119455127,2.333514769088376,3.4239383147243765,2.591182371867238
2019-09-28,287.32805555555586,1347.691159211474,69.0667361111115,-0.055224000000010154,3.592684997836964,3.5374609978369578,2.32150191182647,2.2662779118264775,2.9733565566337776,2.918132556633782
2019-09-29,286.947291666667,1274.5077054662606,88.94173611111152,0.57308399999999,4.046526118958814,4.619610118958808,1.6250764946034695,2.1981604946034765,3.203820573041204,3.7769045730412087
2019-09-30,286.70812500000034,1302.9236840533429,68.07506944444486,0.77800319999999,4.011149032220514,4.789152232220507,1.3796964053997949,2.157699605399802,2.953613451184818,3.7316166511848223
2019-10-01,284.66194444444477,1172.4772326150446,94.54090277777819,-0.10914480000000977,4.746559871914403,4.637415071914396,1.9377773283322703,1.8286325283322764,3.5951503088976264,3.4860055088976316
2019-10-02,283.38312500000035,1105.928172170354,89.78944444444483,-0.6979059000000095,4.913113382253472,4.215207482253464,2.324216899689271,1.6263109996892773,3.7020513186131105,3.0041454186131156
2019-10-03,281.55673611111143,988.3837746614736,87.19944444444484,-0.9284526000000093,4.821671794755069,3.8932191947550625,2.2623483871062606,1.333895787106267,3.7552490176842492,2.8267964176842546
2019-10-04,281.3098611111115,974.4171772543347,71.45833333333373,-0.22621500000000946,4.058964475739246,3.83274947573924,1.5272663157341277,1.3010513157341346,3.02613552599836,2.799920525998365
2019-10-05,279.912291666667,896.9377112011889,55.55756944444486,0.1429604999999902,3.257613639920674,3.400574139920668,0.9848656257838818,1.127826125783889,2.4008786181300295,2.5438391181300344
2019-10-06,279.3163194444447,792.3569857221052,88.89826388888929,-0.3479184000000095,3.456911575525224,3.108993175525218,1.4095165326287766,1.0615981326287842,2.6256105287531604,2.277692128753165
2019-10-07,280.454652777778,887.1194730283332,73.2786111111115,0.007804799999990342,3.1441748243902103,3.151979624390203,1.2166926209494981,1.2244974209495056,2.3413703929793095,2.3491751929793137
2019-10-08,282.434652777778,972.9782567179705,77.29527777777817,-0.19195920000000974,3.761523557183461,3.569564357183454,1.6778255529345614,1.485866352934569,2.8459153069684646,2.653956106968469
2019-10-09,283.58541666666696,1070.802225404322,58.41222222222263,-0.06293520000001,3.890230375522312,3.8272951755223055,1.6937315376981257,1.6307963376981336,2.9593160662774505,2.8963808662774553
2019-10-10,284.2675694444447,1060.2642896306281,67.4487500000004,-0.1459512000000097,4.235883192864275,4.089931992864269,1.8931169316241885,1.747165731624196,3.2877759839686207,3.1418247839686266
2019-10-11,286.1189583333335,1138.9779600176714,82.31909722222262,0.23714879999999042,4.147229883277524,4.384378683277519,1.8388050961122733,2.0759538961122805,3.1095762441722954,3.346725044172301
2019-10-12,289.33250000000015,1331.2222895168213,80.31770833333375,0.8685455999999904,4.029000770647463,4.897546370647457,1.8310973797767778,2.6996429797767854,2.814368870575162,3.682914470575168
2019-10-13,290.97236111111124,1483.7322788225154,101.78791666666707,0.33718559999999004,4.355374010228793,4.692559610228787,2.6877034677604477,3.024889067760455,3.0637680132383203,3.4009536132383253
2019-10-14,291.6799305555556,1565.489959652511,99.61798611111152,0.6554603495743565,3.942731098350323,4.598191447924683,2.498905629655938,3.1543659792303114,2.6885733965926164,3.344033746166988
2019-10-15,289.28916666666674,1463.69250106278,89.5387500000004,0.9621587495743564,3.164356352998469,4.126515102572829,1.6980146083605556,2.6601733579349287,2.1949643032724646,3.157123052846836
2019-10-16,287.9302777777778,1361.051437712914,61.567847222222646,1.5832091495743565,2.191105426172422,3.7743145757467835,0.7980455871660465,2.3812547367404195,1.4736019531107865,3.0568111026851583
2019-10-17,285.94604166666676,1245.8687113484111,39.14555555555598,1.4326991999999903,1.921678141651838,3.3543773416518334,0.5884453293850235,2.02114452938503,1.3781849575874234,2.8108841575874295
2019-10-18,285.91500000000013,1205.051416457313,40.097430555555974,0.7891127999999904,2.1981806689446515,2.987293468944646,1.229019857035605,2.0181326570356113,1.6761776734529856,2.4652904734529915
2019-10-19,285.8661805555557,1236.4105062253223,40.26555555555598,0.5617223999999902,2.2907781793345516,2.8525005793345457,1.4467492487401141,2.0084716487401204,1.7661508408649136,2.327873240864919
2019-10-20,286.6231944444446,1306.7535461449304,45.590625000000415,0.23090687999999027,2.496869325433774,2.7277762054337678,1.9135591389561375,2.1444660189561437,1.9604562320433125,2.1913631120433172
2019-10-21,286.54694444444453,1305.0881738655974,56.72902777777819,0.05453798181817207,2.774815961381719,2.829353943199895,2.0748506317184847,2.1293886135366726,2.2173018112152394,2.271839793033426
2019-10-22,285.9581250000001,1267.2828067964708,74.46243055555597,0.13229078181817214,3.169976203796436,3.3022669856146116,1.8989553682002736,2.0312461500184615,2.554693403216664,2.686984185034851
2019-10-23,284.98305555555567,1234.25697068301,68.10444444444487,0.8642279018181721,2.752773339497813,3.6170012413159878,0.9914898314299251,1.8557177332481138,2.2088346173674203,3.0730625191856067
2019-10-24,285.5456944444445,1233.4632339473321,67.33076388888931,1.4780255999999905,2.4823741034291285,3.960399703429122,0.4772457023273285,1.9552713023273351,1.8804622136521356,3.35848781365214
2019-10-25,286.59548611111114,1188.425875920701,68.28770833333374,1.3161119999999904,2.5980815014510026,3.9141935014509968,0.8321726156232696,2.1482846156232753,1.8244049754206006,3.1405169754206046
2019-10-26,285.8316304347827,1065.7169139784498,65.52885869565257,1.2479303999999904,2.5431129831138635,3.7910433831138577,0.8070457726596715,2.0549761726596776,1.7478438006516086,2.995774200651613
2019-10-27,283.64892210144944,971.4752506107903,65.36635869565258,1.08719759999999,2.5349138845951003,3.6221114845950946,0.6370236484966805,1.724221248496687,1.7246353609899956,2.81183296099
2019-10-28,280.46176932367166,840.5119259348379,60.98024758454147,1.39033919999999,1.9815450735667142,3.371884273566708,-0.15639054452879897,1.2339486554712074,1.3548687124713013,2.745207912471306
2019-10-29,278.5481250000001,739.7588262798716,81.95041666666707,0.7433553163636261,2.101698544800033,2.845053861163663,0.22809963702671096,0.9714549533903535,1.492262154672103,2.2356174710357437
2019-10-30,276.8406944444445,649.387526681171,85.16812500000042,1.013693716363626,1.6262530084549063,2.6399467248185373,-0.2178434224587271,0.7958502939049154,1.210529077143292,2.224222793506933
2019-10-31,275.75423611111114,623.5932965496958,75.10208333333374,1.5019473163636257,1.3105379741051986,2.8124852904688287,-0.8056651135439212,0.6962822028197212,1.040293469855819,2.5422407862194603
2019-11-01,278.284513888889,813.2221953747463,57.37631944444487,1.9218167999999896,1.29780093967862,3.2196177396786143,-0.8894810211757994,1.0323357788242067,0.9415025960646876,2.8633193960646923
2019-11-02,281.2600000000001,1004.326654576747,36.229791666667076,1.7856197999999894,1.4317177074528413,3.2173375074528354,-0.40311446291823244,1.382505337081774,0.9393932424173403,2.725013042417345
2019-11-03,283.88513888888906,1143.1363263971414,34.850694444444855,0.9724026842614912,1.7171929878027232,2.6895956720642196,0.7046674744359377,1.677070158697445,1.0676260238986337,2.04002870816014
2019-11-04,282.784513888889,1068.69778934504,31.946527777778197,0.8601953430850205,1.588345120781895,2.448540463866921,0.6420661172223747,1.5022614603074114,1.0628044643736458,1.9229998074586814
2019-11-05,281.3381944444446,990.7089682986034,25.666736111111533,0.8837555430850207,1.2848988876643197,2.168654430749345,0.4178077214764088,1.3015632645614454,0.9245253680479463,1.8082809111329816
2019-11-06,280.4320833333335,932.8632986504375,24.863888888889324,1.1077863731092334,1.1955053221714111,2.3032916952806493,0.07691669802034669,1.1847030711295965,0.9797296687674409,2.087516041876689
2019-11-07,279.7715972222224,885.100701826508,22.884305555555994,1.0479684818181718,1.2199279266213734,2.26789640843955,0.05822992701106885,1.106198408829257,1.0496347900653615,2.097603271883548
2019-11-08,279.2757638888891,842.7103859194236,26.256250000000435,1.0348870640346568,1.125913240870043,2.1608003049047055,0.015502700484118219,1.0503897645187916,0.9302590209472547,1.9651460849819264
2019-11-09,278.4310416666669,764.7619551289544,38.02618055555598,0.8897768122064852,0.8109107025484444,1.7006875147549347,0.05721548885404679,0.9469923010605484,0.6054645707577945,1.4952413829642943
2019-11-10,277.3550000000003,697.1363306725793,29.575694444444867,1.2627972446740177,0.3272949895910708,1.5900922342650936,-0.42711685329672894,0.8356803913773048,0.19245063809912008,1.4552478827731525
2019-11-11,277.13458333333364,644.613322881185,39.13666666666709,1.3556330624575323,0.2531382808871683,1.6087713433447057,-0.5403901069813299,0.8152429554762185,0.09401354943460964,1.4496466118921572
2019-11-12,276.8132638888892,634.156552719372,29.435972222222645,1.5198335999999897,0.2943491574258093,1.8141827574258043,-0.7361787147951194,0.7836548852048865,0.06904670909309568,1.5888803090931007
2019-11-13,277.03319444444463,650.9830337347086,50.6971527777782,1.3800743999999898,0.4513637126913764,1.8314381126913712,-0.5737079178131993,0.8063664821868067,0.1402666337382978,1.520341033738303
2019-11-14,277.0611111111113,707.4468838388976,37.6177777777782,1.5495685714285614,0.4464536829669257,1.996022254395492,-0.7387119851405407,0.8108565862880369,0.15708322913012765,1.706651800558704
2019-11-15,277.08041666666685,735.6884908499893,32.012152777778205,1.4058193714285616,0.4261493732370196,1.8319687446655861,-0.5938943571364429,0.8119250142921349,0.2444684112441284,1.650287782672705
2019-11-16,276.88291666666686,748.6830305626013,12.958472222222655,2.036260265546208,0.27415795267354587,2.310418218219759,-1.242851784390232,0.7934084811559927,0.17795275079887252,2.2142130163450964
2019-11-17,276.9219444444446,755.0537828186475,9.5697916666671,2.2561299522994553,0.17980969014865478,2.4359396424481154,-1.4618316408618346,0.7942983114376371,0.14526012807597666,2.4013900803754473
2019-11-18,277.1198611111113,724.2879205369694,17.895555555555973,2.2238421215302244,0.15532621892986478,2.3791683404600943,-1.4098382968084087,0.8140038247218321,0.10585629937419494,2.329698420904435
2019-11-19,277.1941666666669,719.3400396050774,21.363819444444857,1.3871648958776006,0.33080983618536175,1.7179747320629672,-0.5702969726733601,0.8168679232042569,0.24701703103553063,1.6341819269131468
2019-11-20,277.1660416666669,725.0713890676965,21.261319444444855,1.336323437695782,0.3865662031184998,1.7228896408142866,-0.5221902863607006,0.8141331513350983,0.24576496771125703,1.5820884054070543
2019-11-21,276.97215277777804,779.0574838515291,12.180138888889315,1.8707263225826603,0.36593233402714476,2.2366586566098094,-1.0756994669829303,0.7950268555997466,0.22449147329679522,2.0952177958794707
2019-11-22,277.35958333333355,819.892480724413,15.01750000000043,2.2883813310407133,0.4071778608232372,2.695559191863955,-1.4516445725684044,0.8367367584723261,0.23401617068934724,2.522397501730076
2019-11-23,277.00083333333356,799.3587118383238,16.546944444444875,2.1080285310407136,0.4206492108586002,2.528677741899318,-1.3067523440175293,0.8012761870232016,0.30087720652800276,2.4089057375687317
2019-11-24,276.3263888888892,765.6558599662568,8.992569444444872,1.6180935323076817,0.49608051877478193,2.114174051082468,-0.8765715355017701,0.7415219968059291,0.4471686963075063,2.065262228615203
2019-11-25,276.4640277777781,771.8010706821073,11.590902777778203,0.8358113225274623,0.5169306703444142,1.3527419928718807,-0.07411558477839623,0.7616957377490832,0.58955240409878,1.4253637266262569
2019-11-26,277.6029861111114,813.8043676304052,10.882430555555977,0.0748217225274624,0.5306843654817311,0.6055060880091978,0.8106238914767246,0.8854456140042043,0.6300292022233674,0.7048509247508447
2019-11-27,279.9769444444447,886.9464175252384,16.367986111111534,0.09805246714284714,0.421976428093262,0.5200288952361135,1.0492174680773367,1.1472699352202007,0.47287916789264733,0.5709316350355095
2019-11-28,279.5083333333336,826.2772804610098,12.735625000000425,0.8861831999999898,0.20311730581335496,1.089300505813349,0.20952773010930903,1.0957109301093162,0.19101400746189992,1.0771972074619047
2019-11-29,277.99937500000027,747.0257241324267,24.394513888889318,1.7151623999999897,0.27148869062722963,1.9866510906272234,-0.7750071564494393,0.9401552435505677,0.21393913638728465,1.9291015363872892
2019-11-30,275.4962500000002,654.1398859111669,26.666250000000428,1.8551526913061724,0.30289942607401515,2.158052117380192,-1.1764570879945528,0.6786956033116373,0.2485092424830545,2.1036619337892417
2019-12-01,275.00076388888914,660.5641008495393,23.19256944444487,1.8157776913061727,0.48793225730363193,2.3037099486098085,-1.1808344546649383,0.6349432366412514,0.4165652340581487,2.2323429253643363
2019-12-02,275.4301388888891,689.9042110337922,13.111111111111539,1.7666592913061727,0.4870710142041086,2.253730305510285,-1.0934111529254984,0.6732481383806911,0.41466127276865966,2.181320564074847
2019-12-03,276.3181250000002,695.1800105685007,19.1804166666671,1.5452867314285612,0.46618534574427645,2.0114720771728414,-0.811153092046283,0.7341336393822949,0.3662024731329209,1.911489204561497
2019-12-04,276.61756944444465,639.1644060911962,33.133263888889324,1.0942592831957128,0.35126262899389565,1.4455219121896123,-0.33535821237980673,0.7589010708159232,0.2587653401974315,1.3530246233931595
2019-12-05,276.3395833333336,594.833408515089,33.464166666667104,1.038538483195713,0.3352193026682009,1.373757785863918,-0.30230810389736584,0.7362303792983642,0.2565270913226873,1.2950655745184154
2019-12-06,277.20958333333357,669.8232574081488,22.103611111111547,1.5661719517671415,0.38793022187968,1.9541021736468258,-0.7279833068788384,0.8381886448883202,0.3322623396295962,1.8984342913967527
2019-12-07,278.81180555555585,764.4086936517588,8.20027777777821,2.04387359999999,0.37716464593472465,2.421038245934719,-1.0324658452440854,1.0114077547559213,0.3021348398729643,2.346008439872969
2019-12-08,279.68909722222253,801.8716716029845,13.396597222222654,2.2285463999999906,0.31397825358649095,2.542524653586485,-1.1329346570038277,1.0956117429961794,0.20313608967209915,2.4316824896721045
2019-12-09,278.1834027777781,708.8645717531637,22.61180555555599,2.0171591999999907,0.3205829048018976,2.3377421048018916,-1.0742661903561332,0.9428930096438738,0.17511436516456294,2.192273565164568
2019-12-10,276.0940972222225,636.9883444702991,20.924236111111544,1.4408927999999908,0.4112051155870404,1.8520979155870343,-0.7125183742555562,0.7283744257444508,0.2757963627624985,1.7166891627625034
2019-12-11,274.76138888888914,607.480890460854,16.472777777778205,1.1052143999999906,0.5294473472327305,1.6346617472327243,-0.5016157662869628,0.603598633713044,0.4071967874330476,1.5124111874330524
2019-12-12,274.02173611111135,598.5731995693103,11.838541666667096,1.0251143999999905,0.4732295994759883,1.498343999475982,-0.4786276147883716,0.5464867852116355,0.4024657972194124,1.4275801972194173
2019-12-13,274.5994444444447,630.4045769826284,15.052708333333761,1.0469519999999906,0.5498449506216531,1.5967969506216466,-0.45239424571345044,0.5945577542865569,0.485961490193531,1.532913490193536
2019-12-14,275.9468055555558,634.210322723145,23.023194444444872,1.0366847999999906,0.5101333334953327,1.5468181334953262,-0.314806437049395,0.7218783629506124,0.43910974849249956,1.4757945484925046
2019-12-15,278.13229166666696,724.1084292761158,16.78472222222265,1.0972079999999906,0.44226513052088684,1.5394731305208804,-0.16866481802073743,0.9285431819792698,0.37001836657321574,1.4672263665732208
2019-12-16,280.654791666667,775.8845256683682,18.911180555555987,1.615960799999991,0.3248090831614549,1.9407698831614484,-0.37147528591958645,1.2444855140804203,0.17655469052189307,1.7925154905218985
2019-12-17,281.4368750000003,840.2156264335962,14.363680555555987,1.9072151999999907,0.24213764145978214,2.1493528414597756,-0.5660458248302965,1.3411693751697105,0.08700908584646495,1.9942242858464703
2019-12-18,281.2398611111114,841.571379513035,19.97777777777821,5.452987963636353,0.22136431640757126,5.674352280043929,-4.1357225028903,1.317265460746071,0.0692801883830463,5.522268152019415
2019-12-19,280.12180555555585,832.4723509035567,24.37152777777821,6.145911403636352,0.15319897848045302,6.299110382116811,-4.990843517889308,1.1550678857470629,0.08468051772710243,6.23059192136347
2019-12-20,279.70923611111135,806.7746619091394,30.745555555555992,5.830565803636351,0.2702592146894562,6.100825018325813,-4.7303689592479214,1.1001968443884496,0.1773299109994849,6.007895714635853
2019-12-21,279.07562500000034,777.210760014174,27.750208333333763,2.8776266399999884,0.29384702891562803,3.1714736689156204,-1.8437181898253154,1.0339084501746916,0.17492139023424189,3.0525480302342456
2019-12-22,278.52854166666697,778.6787360225817,23.53236111111154,1.7598023999999883,0.3369799682052905,2.0967823682052833,-0.7938178455985238,0.9659845544014836,0.1805022288023926,1.940304628802397
2019-12-23,277.99104166666694,787.7244964562686,14.942777777778202,1.4467679999999883,0.23822085224609366,1.6849888522460867,-0.5428000353212168,0.9039679646787907,0.13713626420317218,1.5839042642031769
2019-12-24,278.0830555555558,804.4505180924165,12.889791666667092,0.07086959999998814,0.3584897445155941,0.42935934451558716,0.8388365549663078,0.9097061549663152,0.27336655488839673,0.34423615488840137
2019-12-25,277.374027777778,769.0282401906949,12.234513888889316,-0.025055363680399474,0.47850079729474704,0.4534454336143526,0.8617421072007726,0.8366867435203926,0.42212885170041853,0.3970734880200359
2019-12-26,276.2762500000002,701.6184227842137,10.94381944444487,0.3039215848103967,0.4274821489402861,0.7314037337506879,0.4346232730215598,0.7385448578319761,0.3840890170805344,0.6880106018909476
2019-12-27,274.3178472222224,589.9099078110758,15.840347222222647,0.9765740575376691,0.27729204121751666,1.253866098755191,-0.3902199790277881,0.5863540785099007,0.24672976071469688,1.2233038182523828
2019-12-28,273.33208333333346,487.99850994493363,22.586388888889303,1.123054784622769,0.10988156090875349,1.2329363455315276,-0.5974310011872243,0.5256237834355643,0.08666814622819026,1.2097229308509758
2019-12-29,275.5643055555557,353.5164459169987,30.94152777777819,1.4402274361319725,0.17655050578272913,1.616777941914707,-0.6782503890974492,0.7619770470345428,0.09453701267308712,1.5347644488050765
2019-12-30,277.4304408212562,415.5578994860223,30.052868357488336,1.6245117634046997,0.2506582130326009,1.875169976437306,-0.7307473566158301,0.8937644067888894,0.09154922838877443,1.7160609917934908
2019-12-31,279.30472373188434,425.55196867338634,26.32315670289918,1.9658267999999812,0.28533101707590397,2.2511578170758932,-0.915542757534455,1.0502840424655555,0.06713064619948131,2.0329574461994877
